wave21	wave20
-61.194	1430
-210	1430.0395
-210	1430.0789
-57.53	1430.1184
-58.831	1430.1579
-56.664	1430.1974
-60.422	1430.2368
-57.425	1430.2763
-210	1430.3158
-70.26900000000001	1430.3553
-61.442	1430.3947
-210	1430.4342
-210	1430.4737
-60.702	1430.5132
-75.663	1430.5526
-71.449	1430.5921
-210	1430.6316
-73.065	1430.6711
-210	1430.7105
-62.872	1430.75
-60.707	1430.7895
-57.395	1430.8289
-56.7	1430.8684
-58.226	1430.9079
-59.525	1430.9474
-64.05	1430.9868
-210	1431.0263
-210	1431.0658
-63.587	1431.1053
-210	1431.1447
-210	1431.1842
-63.59	1431.2237
-66.039	1431.2632
-210	1431.3026
-210	1431.3421
-210	1431.3816
-210	1431.4211
-60.836	1431.4605
-64.06	1431.5
-60.139	1431.5395
-210	1431.5789
-63.49	1431.6184
-64.583	1431.6579
-62.89	1431.6974
-210	1431.7368
-210	1431.7763
-210	1431.8158
-68.97799999999999	1431.8553
-74.19799999999999	1431.8947
-210	1431.9342
-61.681	1431.9737
-63.307	1432.0132
-210	1432.0526
-63.954	1432.0921
-61.218	1432.1316
-59.913	1432.1711
-60.6	1432.2105
-59.385	1432.25
-57.084	1432.2895
-59.028	1432.3289
-210	1432.3684
-69.828	1432.4079
-210	1432.4474
-73.10599999999999	1432.4868
-66.06999999999999	1432.5263
-61.915	1432.5658
-210	1432.6053
-65.703	1432.6447
-60.751	1432.6842
-210	1432.7237
-69.002	1432.7632
-59.569	1432.8026
-58.209	1432.8421
-55.763	1432.8816
-58.025	1432.9211
-56.887	1432.9605
-61.709	1433
-62.833	1433.0395
-210	1433.0789
-210	1433.1184
-68.002	1433.1579
-62.486	1433.1974
-61.123	1433.2368
-210	1433.2763
-210	1433.3158
-210	1433.3553
-210	1433.3947
-210	1433.4342
-210	1433.4737
-65.224	1433.5132
-57.217	1433.5526
-60.835	1433.5921
-56.814	1433.6316
-56.747	1433.6711
-60.298	1433.7105
-210	1433.75
-67.202	1433.7895
-61.141	1433.8289
-57.487	1433.8684
-210	1433.9079
-210	1433.9474
-60.013	1433.9868
-210	1434.0263
-57.04	1434.0658
-61.34	1434.1053
-66.318	1434.1447
-66.319	1434.1842
-59.615	1434.2237
-57	1434.2632
-55.863	1434.3026
-57.399	1434.3421
-56.109	1434.3816
-59.665	1434.4211
-60.276	1434.4605
-210	1434.5
-61.292	1434.5395
-57.567	1434.5789
-210	1434.6184
-210	1434.6579
-65.267	1434.6974
-59.067	1434.7368
-210	1434.7763
-63.588	1434.8158
-210	1434.8553
-60.825	1434.8947
-59.817	1434.9342
-57.802	1434.9737
-56.37	1435.0132
-57.222	1435.0526
-57.892	1435.0921
-210	1435.1316
-210	1435.1711
-60.203	1435.2105
-68.07599999999999	1435.25
-210	1435.2895
-210	1435.3289
-72.31999999999999	1435.3684
-210	1435.4079
-61.655	1435.4474
-68.733	1435.4868
-210	1435.5263
-83.248	1435.5658
-66.58	1435.6053
-58.089	1435.6447
-55.683	1435.6842
-60.855	1435.7237
-57.324	1435.7632
-62.413	1435.8026
-61.534	1435.8421
-67.536	1435.8816
-67.038	1435.9211
-64.723	1435.9605
-210	1436
-210	1436.0395
-63.224	1436.0789
-210	1436.1184
-58.861	1436.1579
-60.44	1436.1974
-61.967	1436.2368
-59.011	1436.2763
-59.543	1436.3158
-58.155	1436.3553
-57.448	1436.3947
-55.996	1436.4342
-55.888	1436.4737
-60.106	1436.5132
-62.522	1436.5526
-62.468	1436.5921
-69.137	1436.6316
-210	1436.6711
-210	1436.7105
-210	1436.75
-64.012	1436.7895
-60.618	1436.8289
-210	1436.8684
-210	1436.9079
-60.955	1436.9474
-63.157	1436.9868
-56.543	1437.0263
-57.292	1437.0658
-58.198	1437.1053
-56.13	1437.1447
-58.823	1437.1842
-59.229	1437.2237
-58.083	1437.2632
-210	1437.3026
-210	1437.3421
-61.518	1437.3816
-210	1437.4211
-64.375	1437.4605
-210	1437.5
-69.56100000000001	1437.5395
-210	1437.5789
-210	1437.6184
-62.159	1437.6579
-210	1437.6974
-56.124	1437.7368
-57.002	1437.7763
-56.442	1437.8158
-61.215	1437.8553
-57.676	1437.8947
-59.445	1437.9342
-57.316	1437.9737
-60.1	1438.0132
-210	1438.0526
-210	1438.0921
-210	1438.1316
-74.396	1438.1711
-210	1438.2105
-68.321	1438.25
-210	1438.2895
-60.657	1438.3289
-210	1438.3684
-63.099	1438.4079
-55.644	1438.4474
-56.476	1438.4868
-58.025	1438.5263
-57.232	1438.5658
-57.773	1438.6053
-61.42	1438.6447
-210	1438.6842
-210	1438.7237
-210	1438.7632
-61.36	1438.8026
-62.835	1438.8421
-68.828	1438.8816
-210	1438.9211
-63.203	1438.9605
-61.824	1439
-60.463	1439.0395
-58.326	1439.0789
-54.448	1439.1184
-55.558	1439.1579
-57.391	1439.1974
-53.671	1439.2368
-57.84	1439.2763
-59.942	1439.3158
-61.971	1439.3553
-61.694	1439.3947
-210	1439.4342
-62.591	1439.4737
-64.545	1439.5132
-64.81399999999999	1439.5526
-61.374	1439.5921
-62.352	1439.6316
-64.29600000000001	1439.6711
-68.50700000000001	1439.7105
-66.479	1439.75
-59.225	1439.7895
-57.111	1439.8289
-56.037	1439.8684
-55.859	1439.9079
-54.846	1439.9474
-56.952	1439.9868
-58.845	1440.0263
-210	1440.0658
-63.05	1440.1053
-62.791	1440.1447
-60.532	1440.1842
-60.331	1440.2237
-73.325	1440.2632
-60.78	1440.3026
-62.687	1440.3421
-61.082	1440.3816
-63.953	1440.4211
-210	1440.4605
-57.385	1440.5
-55.024	1440.5395
-55.482	1440.5789
-54.773	1440.6184
-56.762	1440.6579
-58.616	1440.6974
-60.438	1440.7368
-210	1440.7763
-64.072	1440.8158
-62.693	1440.8553
-63.633	1440.8947
-67.92100000000001	1440.9342
-210	1440.9737
-210	1441.0132
-64.61	1441.0526
-62.869	1441.0921
-68.526	1441.1316
-65.121	1441.1711
-55.49	1441.2105
-54.836	1441.25
-55.573	1441.2895
-55.167	1441.3289
-55.413	1441.3684
-57.788	1441.4079
-210	1441.4474
-62.299	1441.4868
-70.55200000000001	1441.5263
-210	1441.5658
-70.553	1441.6053
-210	1441.6447
-63.97	1441.6842
-63.244	1441.7237
-210	1441.7632
-60.819	1441.8026
-210	1441.8421
-75.947	1441.8816
-55.851	1441.9211
-54.042	1441.9605
-55.368	1442
-54.303	1442.0395
-55.535	1442.0789
-66.124	1442.1184
-210	1442.1579
-210	1442.1974
-59.434	1442.2368
-210	1442.2763
-70.077	1442.3158
-64.852	1442.3553
-61.873	1442.3947
-210	1442.4342
-69.642	1442.4737
-210	1442.5132
-61.414	1442.5526
-55.337	1442.5921
-56.022	1442.6316
-53.689	1442.6711
-55.528	1442.7105
-56.601	1442.75
-60.318	1442.7895
-210	1442.8289
-210	1442.8684
-62.477	1442.9079
-210	1442.9474
-60.225	1442.9868
-61.613	1443.0263
-210	1443.0658
-210	1443.1053
-210	1443.1447
-67.18300000000001	1443.1842
-70.092	1443.2237
-60.044	1443.2632
-54.028	1443.3026
-55.571	1443.3421
-53.073	1443.3816
-53.787	1443.4211
-54.031	1443.4605
-56.677	1443.5
-66.14700000000001	1443.5395
-210	1443.5789
-73.375	1443.6184
-60.903	1443.6579
-65.627	1443.6974
-210	1443.7368
-210	1443.7763
-73.378	1443.8158
-65.017	1443.8553
-210	1443.8947
-210	1443.9342
-59.12	1443.9737
-54.784	1444.0132
-54.336	1444.0526
-54.868	1444.0921
-56.269	1444.1316
-56.139	1444.1711
-64.616	1444.2105
-65.31999999999999	1444.25
-58.841	1444.2895
-210	1444.3289
-67.20399999999999	1444.3684
-210	1444.4079
-71.774	1444.4474
-64.248	1444.4868
-61.325	1444.5263
-61.64	1444.5658
-64.892	1444.6053
-64.496	1444.6447
-54.157	1444.6842
-53.941	1444.7237
-53.705	1444.7632
-53.635	1444.8026
-54.678	1444.8421
-60.404	1444.8816
-62.975	1444.9211
-59.726	1444.9605
-210	1445
-210	1445.0395
-69.29000000000001	1445.0789
-210	1445.1184
-64.902	1445.1579
-210	1445.1974
-210	1445.2368
-60.933	1445.2763
-210	1445.3158
-59.409	1445.3553
-58.375	1445.3947
-54.374	1445.4342
-52.164	1445.4737
-52.95	1445.5132
-53.376	1445.5526
-56.674	1445.5921
-58.799	1445.6316
-70.136	1445.6711
-72.53100000000001	1445.7105
-210	1445.75
-67.473	1445.7895
-210	1445.8289
-70.627	1445.8684
-57.879	1445.9079
-210	1445.9474
-62.301	1445.9868
-68.94499999999999	1446.0263
-210	1446.0658
-53.732	1446.1053
-53.08	1446.1447
-53.723	1446.1842
-52.975	1446.2237
-53.362	1446.2632
-55.913	1446.3026
-62.704	1446.3421
-64.53100000000001	1446.3816
-58.683	1446.4211
-66.393	1446.4605
-64.289	1446.5
-210	1446.5395
-61.553	1446.5789
-64.06	1446.6184
-210	1446.6579
-60.593	1446.6974
-66.806	1446.7368
-57.035	1446.7763
-53.986	1446.8158
-51.617	1446.8553
-51.768	1446.8947
-52.263	1446.9342
-54.102	1446.9737
-55.761	1447.0132
-64.676	1447.0526
-63.251	1447.0921
-210	1447.1316
-210	1447.1711
-66.61	1447.2105
-210	1447.25
-210	1447.2895
-210	1447.3289
-63.166	1447.3684
-58.272	1447.4079
-64.31399999999999	1447.4474
-61.642	1447.4868
-55.611	1447.5263
-51.411	1447.5658
-51.345	1447.6053
-50.815	1447.6447
-52.482	1447.6842
-53.305	1447.7237
-68.342	1447.7632
-62.235	1447.8026
-63.594	1447.8421
-61.652	1447.8816
-210	1447.9211
-70.43000000000001	1447.9605
-59.926	1448
-66.065	1448.0395
-69.057	1448.0789
-61.924	1448.1184
-62.63	1448.1579
-61.41	1448.1974
-53.861	1448.2368
-51.846	1448.2763
-50.921	1448.3158
-51.896	1448.3553
-52.134	1448.3947
-55.078	1448.4342
-62.598	1448.4737
-210	1448.5132
-61.544	1448.5526
-210	1448.5921
-58.425	1448.6316
-210	1448.6711
-210	1448.7105
-63.023	1448.75
-210	1448.7895
-62.514	1448.8289
-74.601	1448.8684
-57.333	1448.9079
-52.141	1448.9474
-50.958	1448.9868
-51.48	1449.0263
-51.648	1449.0658
-52.166	1449.1053
-56.721	1449.1447
-60.222	1449.1842
-67.601	1449.2237
-210	1449.2632
-64.482	1449.3026
-210	1449.3421
-210	1449.3816
-70.46599999999999	1449.4211
-210	1449.4605
-64.739	1449.5
-71.36499999999999	1449.5395
-210	1449.5789
-55.6	1449.6184
-52.016	1449.6579
-51.541	1449.6974
-51.381	1449.7368
-51.424	1449.7763
-54.958	1449.8158
-58.546	1449.8553
-60.332	1449.8947
-62.633	1449.9342
-210	1449.9737
-63.142	1450.0132
-210	1450.0526
-67.417	1450.0921
-210	1450.1316
-64.755	1450.1711
-62.971	1450.2105
-67.113	1450.25
-61.224	1450.2895
-52.109	1450.3289
-50.84	1450.3684
-50.645	1450.4079
-51.519	1450.4474
-51.995	1450.4868
-56.823	1450.5263
-58.262	1450.5658
-62.65	1450.6053
-60.303	1450.6447
-61.72	1450.6842
-210	1450.7237
-210	1450.7632
-210	1450.8026
-210	1450.8421
-210	1450.8816
-210	1450.9211
-60.037	1450.9605
-61.18	1451
-52.875	1451.0395
-50.759	1451.0789
-50.938	1451.1184
-50.255	1451.1579
-50.881	1451.1974
-52.795	1451.2368
-57.804	1451.2763
-210	1451.3158
-210	1451.3553
-210	1451.3947
-65.33	1451.4342
-71.931	1451.4737
-210	1451.5132
-60.654	1451.5526
-62.067	1451.5921
-63.261	1451.6316
-62.91	1451.6711
-63.955	1451.7105
-51.917	1451.75
-50.606	1451.7895
-50.393	1451.8289
-50.79	1451.8684
-51.646	1451.9079
-54.692	1451.9474
-59.182	1451.9868
-61.386	1452.0263
-60.356	1452.0658
-210	1452.1053
-210	1452.1447
-61.194	1452.1842
-210	1452.2237
-210	1452.2632
-61.87	1452.3026
-66.92400000000001	1452.3421
-72.67400000000001	1452.3816
-54.852	1452.4211
-49.768	1452.4605
-49.223	1452.5
-49.321	1452.5395
-49.538	1452.5789
-50.253	1452.6184
-52.936	1452.6579
-60.716	1452.6974
-62.009	1452.7368
-57.666	1452.7763
-58.781	1452.8158
-57.874	1452.8553
-58.203	1452.8947
-210	1452.9342
-76.161	1452.9737
-70.285	1453.0132
-210	1453.0526
-60.06	1453.0921
-56.429	1453.1316
-49.466	1453.1711
-47.978	1453.2105
-48.013	1453.25
-47.967	1453.2895
-48.981	1453.3289
-51.408	1453.3684
-60.621	1453.4079
-59.089	1453.4474
-62.842	1453.4868
-60.672	1453.5263
-62.299	1453.5658
-73.56699999999999	1453.6053
-60.775	1453.6447
-59.852	1453.6842
-60.525	1453.7237
-61.626	1453.7632
-54.799	1453.8026
-49.362	1453.8421
-43.688	1453.8816
-42.709	1453.9211
-42.545	1453.9605
-42.842	1454
-43.955	1454.0395
-47.288	1454.0789
-53.329	1454.1184
-58.389	1454.1579
-59.274	1454.1974
-61.386	1454.2368
-74.681	1454.2763
-62.092	1454.3158
-71.959	1454.3553
-210	1454.3947
-210	1454.4342
-71.333	1454.4737
-58.996	1454.5132
-54.82	1454.5526
-48.593	1454.5921
-47.292	1454.6316
-47.007	1454.6711
-47.094	1454.7105
-47.694	1454.75
-50.589	1454.7895
-54.125	1454.8289
-58.546	1454.8684
-70.788	1454.9079
-210	1454.9474
-72.697	1454.9868
-66.94799999999999	1455.0263
-210	1455.0658
-210	1455.1053
-59.356	1455.1447
-63.576	1455.1842
-210	1455.2237
-210	1455.2632
-65.83199999999999	1455.3026
-59.175	1455.3421
-210	1455.3816
-65.221	1455.4211
-210	1455.4605
-60.689	1455.5
-62.778	1455.5395
-62.39	1455.5789
-67.40000000000001	1455.6184
-62.779	1455.6579
-60.567	1455.6974
-66.11799999999999	1455.7368
-59.286	1455.7763
-210	1455.8158
-210	1455.8553
-60.04	1455.8947
-60.743	1455.9342
-64.753	1455.9737
-58.222	1456.0132
-55.43	1456.0526
-57.218	1456.0921
-56.416	1456.1316
-57.772	1456.1711
-210	1456.2105
-61.462	1456.25
-59.553	1456.2895
-64.952	1456.3289
-210	1456.3684
-210	1456.4079
-62.25	1456.4474
-210	1456.4868
-65.374	1456.5263
-60.177	1456.5658
-210	1456.6053
-63.304	1456.6447
-59.877	1456.6842
-58.122	1456.7237
-54.522	1456.7632
-53.923	1456.8026
-54.172	1456.8421
-56.061	1456.8816
-67.65000000000001	1456.9211
-210	1456.9605
-210	1457
-210	1457.0395
-210	1457.0789
-61.467	1457.1184
-60.113	1457.1579
-210	1457.1974
-210	1457.2368
-210	1457.2763
-71.351	1457.3158
-210	1457.3553
-64.824	1457.3947
-55.05	1457.4342
-52.637	1457.4737
-53.288	1457.5132
-52.772	1457.5526
-53.38	1457.5921
-55.559	1457.6316
-60.226	1457.6711
-210	1457.7105
-210	1457.75
-66.188	1457.7895
-64.33499999999999	1457.8289
-210	1457.8684
-76.19499999999999	1457.9079
-210	1457.9474
-66.369	1457.9868
-210	1458.0263
-210	1458.0658
-60.41	1458.1053
-55.732	1458.1447
-52.701	1458.1842
-52.522	1458.2237
-51.857	1458.2632
-53.316	1458.3026
-54.254	1458.3421
-55.685	1458.3816
-64.26000000000001	1458.4211
-72.91800000000001	1458.4605
-71.354	1458.5
-59.017	1458.5395
-65.38	1458.5789
-62.116	1458.6184
-59.639	1458.6579
-78.48699999999999	1458.6974
-62.403	1458.7368
-62.791	1458.7763
-61.069	1458.8158
-55.545	1458.8553
-51.748	1458.8947
-51.31	1458.9342
-50.612	1458.9737
-51.345	1459.0132
-53.084	1459.0526
-57.505	1459.0921
-210	1459.1316
-62.01	1459.1711
-210	1459.2105
-59.558	1459.25
-61.027	1459.2895
-74.70099999999999	1459.3289
-65.527	1459.3684
-69.11799999999999	1459.4079
-66.962	1459.4474
-210	1459.4868
-58.912	1459.5263
-57.407	1459.5658
-52.557	1459.6053
-50.653	1459.6447
-50.729	1459.6842
-51.68	1459.7237
-52.901	1459.7632
-56.833	1459.8026
-66.752	1459.8421
-64.21599999999999	1459.8816
-67.648	1459.9211
-63.685	1459.9605
-210	1460
-210	1460.0395
-65.679	1460.0789
-210	1460.1184
-64.215	1460.1579
-70.548	1460.1974
-59.308	1460.2368
-58.146	1460.2763
-51.721	1460.3158
-50.337	1460.3553
-50.029	1460.3947
-50.397	1460.4342
-50.889	1460.4737
-54.201	1460.5132
-57.105	1460.5526
-210	1460.5921
-210	1460.6316
-59.362	1460.6711
-210	1460.7105
-63.885	1460.75
-73.58499999999999	1460.7895
-66.004	1460.8289
-210	1460.8684
-74.69199999999999	1460.9079
-60.844	1460.9474
-64.44199999999999	1460.9868
-53.117	1461.0263
-50.69	1461.0658
-50.227	1461.1053
-50.412	1461.1447
-51.535	1461.1842
-53.789	1461.2237
-57.236	1461.2632
-67.398	1461.3026
-210	1461.3421
-60.565	1461.3816
-210	1461.4211
-58.902	1461.4605
-210	1461.5
-210	1461.5395
-61.83	1461.5789
-210	1461.6184
-59.545	1461.6579
-57.564	1461.6974
-51.248	1461.7368
-49.088	1461.7763
-49.036	1461.8158
-49.235	1461.8553
-50.247	1461.8947
-52.848	1461.9342
-58.338	1461.9737
-59.356	1462.0132
-210	1462.0526
-65.07899999999999	1462.0921
-59.21	1462.1316
-71.33799999999999	1462.1711
-210	1462.2105
-210	1462.25
-210	1462.2895
-210	1462.3289
-61.463	1462.3684
-60.165	1462.4079
-52.29	1462.4474
-49.325	1462.4868
-49.303	1462.5263
-49.03	1462.5658
-49.753	1462.6053
-50.854	1462.6447
-55.879	1462.6842
-57.098	1462.7237
-62.349	1462.7632
-63.112	1462.8026
-62.856	1462.8421
-76.178	1462.8816
-58.766	1462.9211
-210	1462.9605
-61.452	1463
-59.033	1463.0395
-61.96	1463.0789
-57.3	1463.1184
-52.643	1463.1579
-48.721	1463.1974
-48.342	1463.2368
-48.503	1463.2763
-49.046	1463.3158
-50.525	1463.3553
-54.629	1463.3947
-58.394	1463.4342
-210	1463.4737
-65.361	1463.5132
-67.393	1463.5526
-67.09	1463.5921
-66.738	1463.6316
-65.667	1463.6711
-210	1463.7105
-59.699	1463.75
-210	1463.7895
-58.191	1463.8289
-54.4	1463.8684
-48.835	1463.9079
-48.348	1463.9474
-48.198	1463.9868
-48.414	1464.0263
-49.103	1464.0658
-53.357	1464.1053
-57.442	1464.1447
-210	1464.1842
-210	1464.2237
-68.77	1464.2632
-70.79000000000001	1464.3026
-68.458	1464.3421
-210	1464.3816
-210	1464.4211
-210	1464.4605
-210	1464.5
-210	1464.5395
-57.949	1464.5789
-49.551	1464.6184
-48.186	1464.6579
-47.625	1464.6974
-47.889	1464.7368
-48.622	1464.7763
-51.019	1464.8158
-56.868	1464.8553
-59.214	1464.8947
-210	1464.9342
-62.467	1464.9737
-71.97	1465.0132
-210	1465.0526
-68.464	1465.0921
-61.623	1465.1316
-210	1465.1711
-63.209	1465.2105
-59.437	1465.25
-56.343	1465.2895
-48.907	1465.3289
-46.982	1465.3684
-47.001	1465.4079
-47.304	1465.4474
-47.767	1465.4868
-50.631	1465.5263
-54.318	1465.5658
-60.748	1465.6053
-63.49	1465.6447
-60.046	1465.6842
-71.349	1465.7237
-63.303	1465.7632
-210	1465.8026
-60.699	1465.8421
-210	1465.8816
-210	1465.9211
-65.527	1465.9605
-63.789	1466
-52.629	1466.0395
-47.8	1466.0789
-46.996	1466.1184
-46.797	1466.1579
-47.391	1466.1974
-48.741	1466.2368
-52.306	1466.2763
-59.881	1466.3158
-56.797	1466.3553
-63.896	1466.3947
-64.455	1466.4342
-73.59699999999999	1466.4737
-210	1466.5132
-210	1466.5526
-210	1466.5921
-210	1466.6316
-210	1466.6711
-56.245	1466.7105
-53.385	1466.75
-47.476	1466.7895
-45.874	1466.8289
-45.82	1466.8684
-46.094	1466.9079
-46.962	1466.9474
-50.115	1466.9868
-54.989	1467.0263
-58.048	1467.0658
-60.232	1467.1053
-71.986	1467.1447
-61.241	1467.1842
-59.125	1467.2237
-210	1467.2632
-210	1467.3026
-63.902	1467.3421
-58.57	1467.3816
-56.089	1467.4211
-55.644	1467.4605
-48.809	1467.5
-46.069	1467.5395
-45.743	1467.5789
-45.638	1467.6184
-46.271	1467.6579
-48.711	1467.6974
-53.299	1467.7368
-59.808	1467.7763
-60.865	1467.8158
-210	1467.8553
-61.134	1467.8947
-210	1467.9342
-210	1467.9737
-210	1468.0132
-210	1468.0526
-67.42400000000001	1468.0921
-57.617	1468.1316
-56.255	1468.1711
-51.879	1468.2105
-45.798	1468.25
-44.567	1468.2895
-44.498	1468.3289
-44.754	1468.3684
-45.915	1468.4079
-49.473	1468.4474
-54.295	1468.4868
-76.21299999999999	1468.5263
-210	1468.5658
-61.088	1468.6053
-210	1468.6447
-60.772	1468.6842
-60.623	1468.7237
-76.21599999999999	1468.7632
-61.144	1468.8026
-74.72499999999999	1468.8421
-58.12	1468.8816
-54.11	1468.9211
-47.396	1468.9605
-44.873	1469
-44.498	1469.0395
-44.593	1469.0789
-46.136	1469.1184
-48.881	1469.1579
-54.563	1469.1974
-63.521	1469.2368
-64.601	1469.2763
-65.874	1469.3158
-60.165	1469.3553
-62.143	1469.3947
-66.398	1469.4342
-210	1469.4737
-59.291	1469.5132
-62.144	1469.5526
-57.19	1469.5921
-56.148	1469.6316
-48.867	1469.6711
-44.325	1469.7105
-43.741	1469.75
-43.727	1469.7895
-43.964	1469.8289
-45.562	1469.8684
-49.251	1469.9079
-56.133	1469.9474
-58.597	1469.9868
-210	1470.0263
-210	1470.0658
-69.15600000000001	1470.1053
-57.062	1470.1447
-210	1470.1842
-63.931	1470.2237
-59.634	1470.2632
-60.542	1470.3026
-55.46	1470.3421
-53.262	1470.3816
-45.414	1470.4211
-43.748	1470.4605
-43.473	1470.5
-43.583	1470.5395
-44.559	1470.5789
-47.329	1470.6184
-51.114	1470.6579
-56.002	1470.6974
-72.754	1470.7368
-59.839	1470.7763
-59.799	1470.8158
-60.006	1470.8553
-210	1470.8947
-66.057	1470.9342
-210	1470.9737
-61.112	1471.0132
-55.956	1471.0526
-55.858	1471.0921
-47.476	1471.1316
-43.357	1471.1711
-42.886	1471.2105
-42.884	1471.25
-43.308	1471.2895
-44.859	1471.3289
-49.284	1471.3684
-54.407	1471.4079
-62.759	1471.4474
-210	1471.4868
-61.579	1471.5263
-210	1471.5658
-63.643	1471.6053
-66.23999999999999	1471.6447
-58.435	1471.6842
-61.633	1471.7237
-58.436	1471.7632
-56.933	1471.8026
-50.843	1471.8421
-43.862	1471.8816
-42.57	1471.9211
-42.446	1471.9605
-42.45	1472
-43.302	1472.0395
-45.93	1472.0789
-51.724	1472.1184
-58.349	1472.1579
-61.84	1472.1974
-65.59	1472.2368
-60.968	1472.2763
-57.665	1472.3158
-210	1472.3553
-63.654	1472.3947
-76.259	1472.4342
-63.655	1472.4737
-54.602	1472.5132
-51.973	1472.5526
-44.818	1472.5921
-42.337	1472.6316
-42.04	1472.6711
-42.141	1472.7105
-42.807	1472.75
-45.216	1472.7895
-49.352	1472.8289
-55.645	1472.8684
-58.14	1472.9079
-69.953	1472.9474
-62.116	1472.9868
-210	1473.0263
-210	1473.0658
-62.863	1473.1053
-60.124	1473.1447
-61.253	1473.1842
-61.791	1473.2237
-52.69	1473.2632
-48.614	1473.3026
-43.075	1473.3421
-41.459	1473.3816
-41.28	1473.4211
-41.512	1473.4605
-42.755	1473.5
-45.964	1473.5395
-51.078	1473.5789
-56.376	1473.6184
-67.26300000000001	1473.6579
-59.27	1473.6974
-65.29300000000001	1473.7368
-64.536	1473.7763
-62.713	1473.8158
-71.437	1473.8553
-73.679	1473.8947
-60.94	1473.9342
-54.634	1473.9737
-51.923	1474.0132
-45.658	1474.0526
-41.963	1474.0921
-41.367	1474.1316
-41.285	1474.1711
-41.802	1474.2105
-43.891	1474.25
-47.941	1474.2895
-53.122	1474.3289
-58.81	1474.3684
-59.574	1474.4079
-60.273	1474.4474
-61.052	1474.4868
-61.746	1474.5263
-60.457	1474.5658
-60.359	1474.6053
-60.95	1474.6447
-56.024	1474.6842
-52.633	1474.7237
-48.38	1474.7632
-41.885	1474.8026
-40.344	1474.8421
-40.2	1474.8816
-40.444	1474.9211
-41.308	1474.9605
-44.148	1475
-49.673	1475.0395
-54.256	1475.0789
-56.151	1475.1184
-60.96	1475.1579
-60.069	1475.1974
-60.423	1475.2368
-210	1475.2763
-66.122	1475.3158
-61.517	1475.3553
-62.437	1475.3947
-53.75	1475.4342
-51.479	1475.4737
-45.938	1475.5132
-41.034	1475.5526
-40.446	1475.5921
-40.348	1475.6316
-40.746	1475.6711
-42.404	1475.7105
-46.569	1475.75
-51.438	1475.7895
-56.85	1475.8289
-58.681	1475.8684
-64.12	1475.9079
-78.605	1475.9474
-76.316	1475.9868
-59.53	1476.0263
-58.624	1476.0658
-59.457	1476.1053
-55.43	1476.1447
-52.42	1476.1842
-47.392	1476.2237
-40.877	1476.2632
-39.606	1476.3026
-39.466	1476.3421
-39.611	1476.3816
-40.511	1476.4211
-43.417	1476.4605
-49.264	1476.5
-53.375	1476.5395
-59.217	1476.5789
-71.58499999999999	1476.6184
-59.359	1476.6579
-60.057	1476.6974
-65.66500000000001	1476.7368
-210	1476.7763
-59.936	1476.8158
-59.223	1476.8553
-53.198	1476.8947
-50.943	1476.9342
-44.531	1476.9737
-40.333	1477.0132
-39.735	1477.0526
-39.668	1477.0921
-40.032	1477.1316
-41.965	1477.1711
-46.377	1477.2105
-51.622	1477.25
-58.836	1477.2895
-59.632	1477.3289
-58.744	1477.3684
-61.995	1477.4079
-59.991	1477.4474
-63.553	1477.4868
-64.374	1477.5263
-63.195	1477.5658
-55.047	1477.6053
-52.716	1477.6447
-48.136	1477.6842
-41.326	1477.7237
-39.322	1477.7632
-39.033	1477.8026
-39.079	1477.8421
-39.814	1477.8816
-42.521	1477.9211
-47.123	1477.9605
-52.244	1478
-57.129	1478.0395
-61.346	1478.0789
-58.551	1478.1184
-72.881	1478.1579
-210	1478.1974
-210	1478.2368
-60.352	1478.2763
-57.824	1478.3158
-54.326	1478.3553
-51.404	1478.3947
-46.618	1478.4342
-40.511	1478.4737
-39.151	1478.5132
-39.031	1478.5526
-39.252	1478.5921
-40.401	1478.6316
-43.267	1478.6711
-48.164	1478.7105
-52.742	1478.75
-56.939	1478.7895
-61.363	1478.8289
-59.2	1478.8684
-58.509	1478.9079
-65.28	1478.9474
-60.889	1478.9868
-68.098	1479.0263
-58.725	1479.0658
-52.658	1479.1053
-51.308	1479.1447
-45.954	1479.1842
-40.197	1479.2237
-38.785	1479.2632
-38.708	1479.3026
-39.059	1479.3421
-40.398	1479.3816
-43.753	1479.4211
-49.589	1479.4605
-53.71	1479.5
-55.946	1479.5395
-59.682	1479.5789
-60.426	1479.6184
-64.42100000000001	1479.6579
-57.122	1479.6974
-68.383	1479.7368
-61.437	1479.7763
-59.537	1479.8158
-52.002	1479.8553
-49.679	1479.8947
-42.636	1479.9342
-38.88	1479.9737
-38.4	1480.0132
-38.421	1480.0526
-38.933	1480.0921
-40.995	1480.1316
-45.174	1480.1711
-51.592	1480.2105
-54.094	1480.25
-60.009	1480.2895
-61.802	1480.3289
-63.803	1480.3684
-63.613	1480.4079
-58.807	1480.4474
-61.93	1480.4868
-65.90000000000001	1480.5263
-54.989	1480.5658
-51.135	1480.6053
-47.889	1480.6447
-40.603	1480.6842
-38.604	1480.7237
-38.389	1480.7632
-38.479	1480.8026
-39.106	1480.8421
-41.504	1480.8816
-46.716	1480.9211
-52.651	1480.9605
-58.346	1481
-57.228	1481.0395
-57.539	1481.0789
-59.146	1481.1184
-63.25	1481.1579
-63.531	1481.1974
-63.096	1481.2368
-56.612	1481.2763
-53.985	1481.3158
-49.307	1481.3553
-45.149	1481.3947
-39.2	1481.4342
-37.965	1481.4737
-37.758	1481.5132
-37.871	1481.5526
-38.892	1481.5921
-41.844	1481.6316
-47.157	1481.6711
-52.173	1481.7105
-55.121	1481.75
-57.193	1481.7895
-58.411	1481.8289
-64.45099999999999	1481.8684
-58.175	1481.9079
-61.884	1481.9474
-58.733	1481.9868
-54.577	1482.0263
-51.852	1482.0658
-49.117	1482.1053
-43.243	1482.1447
-38.794	1482.1842
-38.139	1482.2237
-38.049	1482.2632
-38.405	1482.3026
-39.899	1482.3421
-43.066	1482.3816
-47.983	1482.4211
-52.561	1482.4605
-55.327	1482.5
-58.038	1482.5395
-69.01900000000001	1482.5789
-62.079	1482.6184
-61.586	1482.6579
-67.646	1482.6974
-60.115	1482.7368
-55.629	1482.7763
-50.842	1482.8158
-49.08	1482.8553
-43.829	1482.8947
-38.277	1482.9342
-37.366	1482.9737
-37.319	1483.0132
-37.806	1483.0526
-39.487	1483.0921
-43.212	1483.1316
-48.996	1483.1711
-54.311	1483.2105
-55.44	1483.25
-56.835	1483.2895
-63.191	1483.3289
-63.191	1483.3684
-60.788	1483.4079
-73.515	1483.4474
-56.832	1483.4868
-56.197	1483.5263
-50.867	1483.5658
-48.264	1483.6053
-41.057	1483.6447
-38.046	1483.6842
-37.713	1483.7237
-37.765	1483.7632
-38.321	1483.8026
-40.433	1483.8421
-45.32	1483.8816
-51.325	1483.9211
-55.287	1483.9605
-55.126	1484
-57.645	1484.0395
-69.02	1484.0789
-66.792	1484.1184
-210	1484.1579
-210	1484.1974
-57.788	1484.2368
-54.432	1484.2763
-49.485	1484.3158
-45.829	1484.3553
-39.065	1484.3947
-37.165	1484.4342
-36.948	1484.4737
-37.059	1484.5132
-38.002	1484.5526
-40.862	1484.5921
-45.961	1484.6316
-51.357	1484.6711
-53.717	1484.7105
-56.924	1484.75
-60.886	1484.7895
-63.712	1484.8289
-74.937	1484.8684
-58.25	1484.9079
-61.037	1484.9474
-62.636	1484.9868
-53.344	1485.0263
-49.381	1485.0658
-45.163	1485.1053
-38.844	1485.1447
-37.411	1485.1842
-37.231	1485.2237
-37.412	1485.2632
-38.572	1485.3026
-41.793	1485.3421
-47.158	1485.3816
-51.776	1485.4211
-54.908	1485.4605
-54.323	1485.5
-57.646	1485.5395
-59.052	1485.5789
-61.066	1485.6184
-59.086	1485.6579
-58.649	1485.6974
-55.89	1485.7368
-51.197	1485.7763
-48.077	1485.8158
-42.588	1485.8553
-37.743	1485.8947
-36.752	1485.9342
-36.675	1485.9737
-37.062	1486.0132
-38.532	1486.0526
-41.656	1486.0921
-46.983	1486.1316
-51.214	1486.1711
-54.101	1486.2105
-55.618	1486.25
-58.853	1486.2895
-59.684	1486.3289
-61.59	1486.3684
-60.246	1486.4079
-58.833	1486.4474
-54.272	1486.4868
-50.916	1486.5263
-48.255	1486.5658
-42.914	1486.6053
-37.305	1486.6447
-36.475	1486.6842
-36.427	1486.7237
-36.868	1486.7632
-38.573	1486.8026
-42.592	1486.8421
-48.825	1486.8816
-52.394	1486.9211
-54.753	1486.9605
-57.355	1487
-58.316	1487.0395
-63.274	1487.0789
-59.618	1487.1184
-65.627	1487.1579
-57.169	1487.1974
-54.238	1487.2368
-49.543	1487.2763
-46.275	1487.3158
-39.219	1487.3553
-36.232	1487.3947
-35.921	1487.4342
-35.972	1487.4737
-36.523	1487.5132
-38.896	1487.5526
-44.095	1487.5921
-49.633	1487.6316
-53.409	1487.6711
-54.597	1487.7105
-59.106	1487.75
-58.167	1487.7895
-58.852	1487.8289
-66.69	1487.8684
-210	1487.9079
-56.78	1487.9474
-52.272	1487.9868
-48.115	1488.0263
-43.898	1488.0658
-37.236	1488.1053
-35.719	1488.1447
-35.534	1488.1842
-35.631	1488.2237
-36.446	1488.2632
-39.059	1488.3026
-44.337	1488.3421
-49.599	1488.3816
-53.027	1488.4211
-54.335	1488.4605
-56.512	1488.5
-56.987	1488.5395
-59.089	1488.5789
-61.397	1488.6184
-59.123	1488.6579
-56.12	1488.6974
-51.715	1488.7368
-48.038	1488.7763
-45.105	1488.8158
-38.287	1488.8553
-36.063	1488.8947
-35.806	1488.9342
-35.95	1488.9737
-37.003	1489.0132
-39.891	1489.0526
-44.963	1489.0921
-49.568	1489.1316
-54.786	1489.1711
-55.45	1489.2105
-57.865	1489.25
-60.295	1489.2895
-57.699	1489.3289
-57.025	1489.3684
-57.026	1489.4079
-56.889	1489.4474
-52.066	1489.4868
-47.274	1489.5263
-44.254	1489.5658
-37.396	1489.6053
-35.518	1489.6447
-35.326	1489.6842
-35.457	1489.7237
-36.286	1489.7632
-38.773	1489.8026
-43.771	1489.8421
-49.211	1489.8816
-52.62	1489.9211
-55.179	1489.9605
-56.384	1490
-60.904	1490.0395
-58.456	1490.0789
-66.672	1490.1184
-69.42400000000001	1490.1579
-55.728	1490.1974
-53.837	1490.2368
-48.653	1490.2763
-45.551	1490.3158
-38.152	1490.3553
-36.022	1490.3947
-35.806	1490.4342
-35.948	1490.4737
-36.659	1490.5132
-39.077	1490.5526
-44.238	1490.5921
-49.938	1490.6316
-53.061	1490.6711
-54.706	1490.7105
-57.07	1490.75
-59.874	1490.7895
-58.698	1490.8289
-60.497	1490.8684
-58.415	1490.9079
-55.907	1490.9474
-53.29	1490.9868
-47.976	1491.0263
-44.478	1491.0658
-37.452	1491.1053
-35.449	1491.1447
-35.227	1491.1842
-35.314	1491.2237
-36.138	1491.2632
-38.971	1491.3026
-44.79	1491.3421
-49.721	1491.3816
-52.545	1491.4211
-53.224	1491.4605
-55.775	1491.5
-58.93	1491.5395
-210	1491.5789
-57.578	1491.6184
-65.709	1491.6579
-58.863	1491.6974
-52.548	1491.7368
-47.875	1491.7763
-44.262	1491.8158
-37.675	1491.8553
-36.044	1491.8947
-35.815	1491.9342
-35.914	1491.9737
-36.713	1492.0132
-39.473	1492.0526
-44.63	1492.0921
-49.4	1492.1316
-53.397	1492.1711
-56.171	1492.2105
-55.337	1492.25
-59.122	1492.2895
-56.783	1492.3289
-210	1492.3684
-60.058	1492.4079
-54.54	1492.4474
-52.435	1492.4868
-48.033	1492.5263
-44.938	1492.5658
-37.62	1492.6053
-35.467	1492.6447
-35.275	1492.6842
-35.346	1492.7237
-36.189	1492.7632
-38.601	1492.8026
-43.068	1492.8421
-48.376	1492.8816
-53.22	1492.9211
-53.476	1492.9605
-57.207	1493
-210	1493.0395
-61.585	1493.0789
-58.975	1493.1184
-67.533	1493.1579
-57.487	1493.1974
-53.077	1493.2368
-48.279	1493.2763
-46.039	1493.3158
-39.039	1493.3553
-35.867	1493.3947
-35.515	1493.4342
-35.6	1493.4737
-36.35	1493.5132
-38.608	1493.5526
-43.27	1493.5921
-49.219	1493.6316
-52.053	1493.6711
-54.98	1493.7105
-55.119	1493.75
-59.306	1493.7895
-65.593	1493.8289
-65.738	1493.8684
-76.554	1493.9079
-56.728	1493.9474
-53.603	1493.9868
-48.845	1494.0263
-46.306	1494.0658
-39.001	1494.1053
-35.625	1494.1447
-35.264	1494.1842
-35.268	1494.2237
-35.644	1494.2632
-37.322	1494.3026
-41.548	1494.3421
-47.763	1494.3816
-51.572	1494.4211
-54.345	1494.4605
-54.964	1494.5
-55.31	1494.5395
-56.886	1494.5789
-61.436	1494.6184
-58.096	1494.6579
-58.122	1494.6974
-55.261	1494.7368
-49.538	1494.7763
-46.137	1494.8158
-39.159	1494.8553
-35.647	1494.8947
-35.287	1494.9342
-35.291	1494.9737
-35.695	1495.0132
-37.537	1495.0526
-42.31	1495.0921
-48.225	1495.1316
-51.641	1495.1711
-53.612	1495.2105
-55.35	1495.25
-58.675	1495.2895
-58.505	1495.3289
-60.303	1495.3684
-68.855	1495.4079
-58.819	1495.4474
-53.717	1495.4868
-48.862	1495.5263
-46.318	1495.5658
-39.826	1495.6053
-35.834	1495.6447
-35.254	1495.6842
-35.258	1495.7237
-35.802	1495.7632
-37.776	1495.8026
-41.723	1495.8421
-47.25	1495.8816
-52.267	1495.9211
-53.679	1495.9605
-55.498	1496
-56.891	1496.0395
-61.178	1496.0789
-57.183	1496.1184
-60.619	1496.1579
-57.227	1496.1974
-54.154	1496.2368
-48.173	1496.2763
-46.137	1496.3158
-40.107	1496.3553
-35.522	1496.3947
-34.853	1496.4342
-34.86	1496.4737
-35.337	1496.5132
-37.12	1496.5526
-41.227	1496.5921
-47.055	1496.6316
-51.152	1496.6711
-52.96	1496.7105
-54.621	1496.75
-56.2	1496.7895
-60.907	1496.8289
-59.923	1496.8684
-65.496	1496.9079
-56.865	1496.9474
-55.013	1496.9868
-49.181	1497.0263
-46.491	1497.0658
-39.651	1497.1053
-35.553	1497.1447
-35.084	1497.1842
-35.086	1497.2237
-35.498	1497.2632
-37.21	1497.3026
-41.42	1497.3421
-47.329	1497.3816
-51.758	1497.4211
-52.788	1497.4605
-55.729	1497.5
-57.87	1497.5395
-57.75	1497.5789
-56.67	1497.6184
-210	1497.6579
-57.525	1497.6974
-54.85	1497.7368
-48.933	1497.7763
-45.84	1497.8158
-39.845	1497.8553
-34.966	1497.8947
-34.328	1497.9342
-34.295	1497.9737
-34.74	1498.0132
-36.671	1498.0526
-40.75	1498.0921
-46.159	1498.1316
-49.974	1498.1711
-52.814	1498.2105
-54.588	1498.25
-58.429	1498.2895
-57.595	1498.3289
-59.785	1498.3684
-59.935	1498.4079
-60.336	1498.4474
-56.691	1498.4868
-49.437	1498.5263
-46.519	1498.5658
-41.924	1498.6053
-35.989	1498.6447
-34.659	1498.6842
-34.56	1498.7237
-34.994	1498.7632
-36.759	1498.8026
-40.479	1498.8421
-45.911	1498.8816
-50.665	1498.9211
-52.4	1498.9605
-55.795	1499
-60.423	1499.0395
-62.007	1499.0789
-60.873	1499.1184
-62.893	1499.1579
-61.202	1499.1974
-53.9	1499.2368
-48.502	1499.2763
-45.589	1499.3158
-40.788	1499.3553
-34.791	1499.3947
-33.72	1499.4342
-33.606	1499.4737
-33.819	1499.5132
-34.826	1499.5526
-37.785	1499.5921
-43.487	1499.6316
-48.54	1499.6711
-52.013	1499.7105
-52.745	1499.75
-55.538	1499.7895
-57.423	1499.8289
-56.785	1499.8684
-61.651	1499.9079
-60.733	1499.9474
-55.373	1499.9868
-53.57	1500.0263
-46.886	1500.0658
-44.094	1500.1053
-36.592	1500.1447
-33.989	1500.1842
-33.74	1500.2237
-33.829	1500.2632
-34.579	1500.3026
-37.189	1500.3421
-42.435	1500.3816
-47.428	1500.4211
-51.075	1500.4605
-52.981	1500.5
-55.465	1500.5395
-57.292	1500.5789
-58.429	1500.6184
-57.917	1500.6579
-61.319	1500.6974
-55.926	1500.7368
-52.519	1500.7763
-46.243	1500.8158
-43.623	1500.8553
-36.704	1500.8947
-33.195	1500.9342
-32.728	1500.9737
-32.718	1501.0132
-33.282	1501.0526
-35.75	1501.0921
-40.834	1501.1316
-45.75	1501.1711
-49.944	1501.2105
-52.136	1501.25
-54.639	1501.2895
-55.612	1501.3289
-55.905	1501.3684
-56.647	1501.4079
-64.407	1501.4474
-57.162	1501.4868
-51.803	1501.5263
-46.352	1501.5658
-43.93	1501.6053
-37.526	1501.6447
-32.897	1501.6842
-32.331	1501.7237
-32.322	1501.7632
-32.831	1501.8026
-34.65	1501.8421
-38.551	1501.8816
-44.268	1501.9211
-48.434	1501.9605
-50.565	1502
-53.46	1502.0395
-53.636	1502.0789
-57.627	1502.1184
-57.764	1502.1579
-56.149	1502.1974
-55.823	1502.2368
-51.371	1502.2763
-46.678	1502.3158
-42.942	1502.3553
-36.703	1502.3947
-31.681	1502.4342
-31.018	1502.4737
-30.985	1502.5132
-31.308	1502.5526
-32.711	1502.5921
-36.409	1502.6316
-42.483	1502.6711
-47.254	1502.7105
-49.929	1502.75
-52.456	1502.7895
-53.179	1502.8289
-54.561	1502.8684
-54.076	1502.9079
-58.809	1502.9474
-55.132	1502.9868
-50.906	1503.0263
-46.144	1503.0658
-41.556	1503.1053
-37.236	1503.1447
-30.577	1503.1842
-29.199	1503.2237
-29.037	1503.2632
-29.185	1503.3026
-30.203	1503.3421
-33.366	1503.3816
-39.041	1503.4211
-43.594	1503.4605
-46.816	1503.5
-48.812	1503.5395
-51.05	1503.5789
-52.168	1503.6184
-53.646	1503.6579
-54.603	1503.6974
-54.25	1503.7368
-47.464	1503.7763
-43.397	1503.8158
-38.008	1503.8553
-35.471	1503.8947
-28.594	1503.9342
-25.221	1503.9737
-24.805	1504.0132
-24.81	1504.0526
-25.471	1504.0921
-27.832	1504.1316
-32.424	1504.1711
-37.639	1504.2105
-41.566	1504.25
-43.964	1504.2895
-46.072	1504.3289
-47.391	1504.3684
-47.797	1504.4079
-48.297	1504.4474
-48.142	1504.4868
-41.887	1504.5263
-36.462	1504.5658
-30.316	1504.6053
-27.804	1504.6447
-21.755	1504.6842
-16.981	1504.7237
-16.282	1504.7632
-16.253	1504.8026
-16.696	1504.8421
-18.415	1504.8816
-22	1504.9211
-27.62	1504.9605
-32.284	1505
-35.105	1505.0395
-37.282	1505.0789
-39.054	1505.1184
-40.401	1505.1579
-42.223	1505.1974
-44.904	1505.2368
-46.421	1505.2763
-48.302	1505.3158
-50.433	1505.3553
-49.86	1505.3947
-47.169	1505.4342
-40.295	1505.4737
-38.745	1505.5132
-38.542	1505.5526
-38.74	1505.5921
-39.713	1505.6316
-42.625	1505.6711
-47.93	1505.7105
-52.47	1505.75
-56.326	1505.7895
-58.229	1505.8289
-57.114	1505.8684
-60.449	1505.9079
-59.348	1505.9474
-63.441	1505.9868
-59.883	1506.0263
-58.872	1506.0658
-62.245	1506.1053
-61.87	1506.1447
-58.18	1506.1842
-57.136	1506.2237
-55.15	1506.2632
-55.87	1506.3026
-56.661	1506.3421
-55.841	1506.3816
-56.382	1506.4211
-62.956	1506.4605
-65.782	1506.5
-59.593	1506.5395
-63.276	1506.5789
-58.032	1506.6184
-63.996	1506.6579
-61.996	1506.6974
-60.082	1506.7368
-75.10899999999999	1506.7763
-57.816	1506.8158
-63.362	1506.8553
-60.911	1506.8947
-55.641	1506.9342
-50.784	1506.9737
-45.875	1507.0132
-44.974	1507.0526
-44.932	1507.0921
-45.241	1507.1316
-46.58	1507.1711
-50.015	1507.2105
-54.095	1507.25
-56.872	1507.2895
-59.226	1507.3289
-63.81	1507.3684
-57.614	1507.4079
-60.461	1507.4474
-63.905	1507.4868
-60.593	1507.5263
-58.707	1507.5658
-58.162	1507.6053
-57.69	1507.6447
-53.051	1507.6842
-50.179	1507.7237
-42.963	1507.7632
-41.014	1507.8026
-40.817	1507.8421
-41.076	1507.8816
-42.161	1507.9211
-44.523	1507.9605
-49.455	1508
-54.875	1508.0395
-56.73	1508.0789
-57.193	1508.1184
-61.12	1508.1579
-58.34	1508.1974
-58.742	1508.2368
-60.876	1508.2763
-62.263	1508.3158
-59.139	1508.3553
-57.854	1508.3947
-52.673	1508.4342
-49.734	1508.4737
-43.011	1508.5132
-40.035	1508.5526
-39.759	1508.5921
-39.82	1508.6316
-40.492	1508.6711
-43.209	1508.7105
-48.47	1508.75
-52.824	1508.7895
-56.077	1508.8289
-55.786	1508.8684
-66.27	1508.9079
-210	1508.9474
-59.373	1508.9868
-58.028	1509.0263
-63.488	1509.0658
-59.797	1509.1053
-57.453	1509.1447
-52.97	1509.1842
-49.51	1509.2237
-43.429	1509.2632
-39.11	1509.3026
-38.426	1509.3421
-38.382	1509.3816
-38.74	1509.4211
-40.527	1509.4605
-44.842	1509.5
-49.565	1509.5395
-52.974	1509.5789
-55.439	1509.6184
-57.145	1509.6579
-55.664	1509.6974
-76.932	1509.7368
-58.184	1509.7763
-71.78400000000001	1509.8158
-60.271	1509.8553
-57.127	1509.8947
-54.744	1509.9342
-50.42	1509.9737
-46.36	1510.0132
-39.693	1510.0526
-38.226	1510.0921
-38.088	1510.1316
-38.3	1510.1711
-39.55	1510.2105
-43.04	1510.25
-48.586	1510.2895
-53.275	1510.3289
-56.217	1510.3684
-55.757	1510.4079
-61.31	1510.4474
-58.4	1510.4868
-59.287	1510.5263
-60.62	1510.5658
-62.417	1510.6053
-57.711	1510.6447
-56.124	1510.6842
-51.406	1510.7237
-48.156	1510.7632
-40.832	1510.8026
-37.924	1510.8421
-37.609	1510.8816
-37.682	1510.9211
-38.347	1510.9605
-40.881	1511
-45.734	1511.0395
-50.697	1511.0789
-55.297	1511.1184
-55.181	1511.1579
-56.021	1511.1974
-55.781	1511.2368
-63.664	1511.2763
-58.984	1511.3158
-61	1511.3553
-57.953	1511.3947
-56.495	1511.4342
-52.241	1511.4737
-48.684	1511.5132
-43.974	1511.5526
-38.45	1511.5921
-37.394	1511.6316
-37.231	1511.6711
-37.506	1511.7105
-38.955	1511.75
-42.377	1511.7895
-47.36	1511.8289
-51.415	1511.8684
-55.953	1511.9079
-57.335	1511.9474
-55.777	1511.9868
-57.008	1512.0263
-59.508	1512.0658
-64.05	1512.1053
-64.05	1512.1447
-59.868	1512.1842
-55.513	1512.2237
-50.764	1512.2632
-47.788	1512.3026
-41.507	1512.3421
-37.796	1512.3816
-37.354	1512.4211
-37.388	1512.4605
-37.944	1512.5
-40.045	1512.5395
-44.917	1512.5789
-50.161	1512.6184
-54.373	1512.6579
-57.518	1512.6974
-58.651	1512.7368
-59.487	1512.7763
-59.917	1512.8158
-57.109	1512.8553
-58.435	1512.8947
-60.7	1512.9342
-56.349	1512.9737
-53.315	1513.0132
-48.752	1513.0526
-43.745	1513.0921
-37.89	1513.1316
-36.995	1513.1711
-36.874	1513.2105
-37.067	1513.25
-38.127	1513.2895
-41.33	1513.3289
-46.92	1513.3684
-52.754	1513.4079
-54.843	1513.4474
-56.282	1513.4868
-57.084	1513.5263
-64.56100000000001	1513.5658
-57.326	1513.6053
-61.612	1513.6447
-61.397	1513.6842
-57.831	1513.7237
-57.288	1513.7632
-50.277	1513.8026
-48.492	1513.8421
-41.415	1513.8816
-37.806	1513.9211
-37.387	1513.9605
-37.425	1514
-38.22	1514.0395
-40.68	1514.0789
-45.146	1514.1184
-50.757	1514.1579
-53.892	1514.1974
-54.024	1514.2368
-57.319	1514.2763
-66.032	1514.3158
-59.44	1514.3553
-63.545	1514.3947
-61.573	1514.4342
-62.097	1514.4737
-55.281	1514.5132
-51.636	1514.5526
-48.533	1514.5921
-44.751	1514.6316
-38.259	1514.6711
-36.862	1514.7105
-36.811	1514.75
-37.141	1514.7895
-38.535	1514.8289
-42.099	1514.8684
-47.668	1514.9079
-52.734	1514.9474
-54.21	1514.9868
-56.37	1515.0263
-57.857	1515.0658
-57.481	1515.1053
-62.429	1515.1447
-59.804	1515.1842
-58.147	1515.2237
-62.174	1515.2632
-57.298	1515.3026
-50.499	1515.3421
-47.609	1515.3816
-40.496	1515.4211
-37.791	1515.4605
-37.518	1515.5
-37.536	1515.5395
-38.027	1515.5789
-40.042	1515.6184
-44.647	1515.6579
-50.251	1515.6974
-55.054	1515.7368
-55.501	1515.7763
-59.219	1515.8158
-57.05	1515.8553
-56.03	1515.8947
-61.44	1515.9342
-74.128	1515.9737
-64.224	1516.0132
-56.721	1516.0526
-54.067	1516.0921
-49.524	1516.1316
-45.355	1516.1711
-38.852	1516.2105
-37.266	1516.25
-37.087	1516.2895
-37.259	1516.3289
-38.397	1516.3684
-41.321	1516.4079
-46.509	1516.4474
-51.464	1516.4868
-54.084	1516.5263
-56.82	1516.5658
-57.636	1516.6053
-59.295	1516.6447
-62.324	1516.6842
-61.347	1516.7237
-58.098	1516.7632
-58.003	1516.8026
-59.629	1516.8421
-53.075	1516.8816
-49.675	1516.9211
-45.307	1516.9605
-39.132	1517
-37.856	1517.0395
-37.745	1517.0789
-38.029	1517.1184
-39.217	1517.1579
-42.781	1517.1974
-49.166	1517.2368
-54.053	1517.2763
-57.049	1517.3158
-56.477	1517.3553
-58.379	1517.3947
-62.805	1517.4342
-61.901	1517.4737
-210	1517.5132
-59.812	1517.5526
-61.675	1517.5921
-58.847	1517.6316
-51.12	1517.6711
-48.761	1517.7105
-40.988	1517.75
-37.854	1517.7895
-37.573	1517.8289
-37.567	1517.8684
-38.026	1517.9079
-40.055	1517.9474
-44.622	1517.9868
-50.061	1518.0263
-53.964	1518.0658
-57.633	1518.1053
-55.96	1518.1447
-57.623	1518.1842
-62.132	1518.2237
-60.035	1518.2632
-210	1518.3026
-210	1518.3421
-58.995	1518.3816
-54.842	1518.4211
-50.602	1518.4605
-48.223	1518.5
-41.23	1518.5395
-38.38	1518.5789
-38.065	1518.6184
-38.187	1518.6579
-39.096	1518.6974
-41.414	1518.7368
-45.862	1518.7763
-50.713	1518.8158
-54.551	1518.8553
-57.735	1518.8947
-67.965	1518.9342
-58.436	1518.9737
-55.933	1519.0132
-65.788	1519.0526
-60.634	1519.0921
-62.399	1519.1316
-61.012	1519.1711
-54.439	1519.2105
-50.107	1519.25
-46.797	1519.2895
-39.672	1519.3289
-38.311	1519.3684
-38.203	1519.4079
-38.476	1519.4474
-39.751	1519.4868
-43.369	1519.5263
-49.433	1519.5658
-54.378	1519.6053
-57.115	1519.6447
-59.812	1519.6842
-64.148	1519.7237
-61.966	1519.7632
-59.965	1519.8026
-62.32	1519.8421
-62.401	1519.8816
-59.578	1519.9211
-58.015	1519.9605
-51.781	1520
-49.302	1520.0395
-42.626	1520.0789
-38.894	1520.1184
-38.329	1520.1579
-38.246	1520.1974
-38.633	1520.2368
-40.414	1520.2763
-44.286	1520.3158
-49.666	1520.3553
-53.652	1520.3947
-57.991	1520.4342
-57.541	1520.4737
-58.31	1520.5132
-59.818	1520.5526
-57.874	1520.5921
-66.40300000000001	1520.6316
-61.014	1520.6711
-62.337	1520.7105
-55.936	1520.75
-52.092	1520.7895
-49.2	1520.8289
-41.767	1520.8684
-38.76	1520.9079
-38.524	1520.9474
-38.666	1520.9868
-39.298	1521.0263
-41.286	1521.0658
-45.781	1521.1053
-51.46	1521.1447
-56.01	1521.1842
-55.646	1521.2237
-59.182	1521.2632
-60.65	1521.3026
-62.037	1521.3421
-65.828	1521.3816
-60.117	1521.4211
-63.585	1521.4605
-59.574	1521.5
-56.945	1521.5395
-50.569	1521.5789
-47.065	1521.6184
-39.937	1521.6579
-37.883	1521.6974
-37.688	1521.7368
-37.846	1521.7763
-39.048	1521.8158
-42.33	1521.8553
-47.921	1521.8947
-51.941	1521.9342
-54.34	1521.9737
-56.856	1522.0132
-57.568	1522.0526
-59.859	1522.0921
-62.746	1522.1316
-210	1522.1711
-59.219	1522.2105
-64.203	1522.25
-55.755	1522.2895
-51.498	1522.3289
-49.403	1522.3684
-45.093	1522.4079
-39.161	1522.4474
-37.695	1522.4868
-37.51	1522.5263
-37.911	1522.5658
-39.527	1522.6053
-43.251	1522.6447
-48.848	1522.6842
-54.71	1522.7237
-56.067	1522.7632
-55.718	1522.8026
-58.779	1522.8421
-58.982	1522.8816
-61.273	1522.9211
-70.89	1522.9605
-62.041	1523
-60.665	1523.0395
-55.334	1523.0789
-49.434	1523.1184
-47.283	1523.1579
-40.849	1523.1974
-36.727	1523.2368
-36.239	1523.2763
-36.219	1523.3158
-36.557	1523.3553
-38.077	1523.3947
-42.108	1523.4342
-48.228	1523.4737
-53.101	1523.5132
-55.929	1523.5526
-55.774	1523.5921
-60.338	1523.6316
-59.083	1523.6711
-60.808	1523.7105
-60.103	1523.75
-73.295	1523.7895
-60.547	1523.8289
-58.041	1523.8684
-50.071	1523.9079
-47.271	1523.9474
-40.132	1523.9868
-36.893	1524.0263
-36.461	1524.0658
-36.467	1524.1053
-37.088	1524.1447
-39.37	1524.1842
-43.457	1524.2237
-48.483	1524.2632
-52.675	1524.3026
-56.551	1524.3421
-58.552	1524.3816
-60.456	1524.4211
-61.001	1524.4605
-62.775	1524.5
-210	1524.5395
-61.66	1524.5789
-56.692	1524.6184
-54.724	1524.6579
-49.423	1524.6974
-46.724	1524.7368
-39.859	1524.7763
-36.1	1524.8158
-35.695	1524.8553
-35.791	1524.8947
-36.653	1524.9342
-39.461	1524.9737
-44.66	1525.0132
-49.694	1525.0526
-52.855	1525.0921
-54.632	1525.1316
-56.333	1525.1711
-59.79	1525.2105
-61.698	1525.25
-60.28	1525.2895
-59.864	1525.3289
-63.081	1525.3684
-59.292	1525.4079
-53.251	1525.4474
-48.578	1525.4868
-44.807	1525.5263
-38.08	1525.5658
-36.356	1525.6053
-36.123	1525.6447
-36.251	1525.6842
-37.317	1525.7237
-40.594	1525.7632
-46.462	1525.8026
-51.624	1525.8421
-53.721	1525.8816
-55.234	1525.9211
-56.835	1525.9605
-60.02	1526
-62.523	1526.0395
-59.025	1526.0789
-63.324	1526.1184
-64.83499999999999	1526.1579
-57.909	1526.1974
-52.744	1526.2368
-47.967	1526.2763
-43.534	1526.3158
-37.378	1526.3553
-35.983	1526.3947
-35.817	1526.4342
-36.033	1526.4737
-37.106	1526.5132
-39.702	1526.5526
-44.472	1526.5921
-49.839	1526.6316
-54.547	1526.6711
-55.32	1526.7105
-57.439	1526.75
-58.611	1526.7895
-61.53	1526.8289
-59.217	1526.8684
-71.977	1526.9079
-59.778	1526.9474
-57.068	1526.9868
-53.398	1527.0263
-48.559	1527.0658
-43.654	1527.1053
-37.126	1527.1447
-36.207	1527.1842
-36.123	1527.2237
-36.351	1527.2632
-37.493	1527.3026
-40.704	1527.3421
-46.533	1527.3816
-50.798	1527.4211
-53.654	1527.4605
-57.018	1527.5
-56.695	1527.5395
-57.659	1527.5789
-59.683	1527.6184
-58.842	1527.6579
-210	1527.6974
-59.93	1527.7368
-56.529	1527.7763
-51.938	1527.8158
-48.01	1527.8553
-42.703	1527.8947
-37.321	1527.9342
-36.313	1527.9737
-36.18	1528.0132
-36.499	1528.0526
-38.085	1528.0921
-41.714	1528.1316
-46.952	1528.1711
-51.014	1528.2105
-53.435	1528.25
-55.58	1528.2895
-57.215	1528.3289
-210	1528.3684
-62.753	1528.4079
-65.21299999999999	1528.4474
-68.05	1528.4868
-67.569	1528.5263
-56.903	1528.5658
-50.609	1528.6053
-47.842	1528.6447
-44.138	1528.6842
-37.366	1528.7237
-36.138	1528.7632
-36.07	1528.8026
-36.327	1528.8421
-37.856	1528.8816
-41.464	1528.9211
-46.833	1528.9605
-51.835	1529
-54.933	1529.0395
-55.073	1529.0789
-56.886	1529.1184
-61.938	1529.1579
-60.205	1529.1974
-59.907	1529.2368
-67.23699999999999	1529.2763
-58.663	1529.3158
-57.205	1529.3553
-50.918	1529.3947
-48.335	1529.4342
-41.896	1529.4737
-37.395	1529.5132
-36.67	1529.5526
-36.549	1529.5921
-36.832	1529.6316
-38.427	1529.6711
-42.207	1529.7105
-47.795	1529.75
-51.637	1529.7895
-55.26	1529.8289
-56.546	1529.8684
-60.531	1529.9079
-59.344	1529.9474
-210	1529.9868
-210	1530.0263
-61.831	1530.0658
-58.11	1530.1053
-59.634	1530.1447
-51.544	1530.1842
-48.132	1530.2237
-43.141	1530.2632
-37.095	1530.3026
-36.231	1530.3421
-36.142	1530.3816
-36.431	1530.4211
-37.494	1530.4605
-40.302	1530.5
-46.129	1530.5395
-51.594	1530.5789
-55.534	1530.6184
-57.77	1530.6579
-56.738	1530.6974
-62.77	1530.7368
-58.951	1530.7763
-210	1530.8158
-60.974	1530.8553
-66.503	1530.8947
-58.385	1530.9342
-53.203	1530.9737
-49.184	1531.0132
-42.893	1531.0526
-37.548	1531.0921
-36.865	1531.1316
-36.78	1531.1711
-37.047	1531.2105
-38.432	1531.25
-42.293	1531.2895
-47.729	1531.3289
-51.664	1531.3684
-57.104	1531.4079
-54.927	1531.4474
-61.166	1531.4868
-59.769	1531.5263
-63.12	1531.5658
-67.845	1531.6053
-63.69	1531.6447
-72.01600000000001	1531.6842
-57.563	1531.7237
-52.391	1531.7632
-48.67	1531.8026
-44.658	1531.8421
-37.766	1531.8816
-36.323	1531.9211
-36.214	1531.9605
-36.555	1532
-38.108	1532.0395
-41.804	1532.0789
-47.487	1532.1184
-51.843	1532.1579
-54.343	1532.1974
-57.38	1532.2368
-58.813	1532.2763
-60.167	1532.3158
-59.465	1532.3553
-64.065	1532.3947
-210	1532.4342
-66.651	1532.4737
-58.118	1532.5132
-53.75	1532.5526
-48.784	1532.5921
-43.213	1532.6316
-37.832	1532.6711
-36.919	1532.7105
-36.794	1532.75
-37.011	1532.7895
-38.502	1532.8289
-42.937	1532.8684
-49.055	1532.9079
-53.274	1532.9474
-55.915	1532.9868
-57.826	1533.0263
-58.981	1533.0658
-57.054	1533.1053
-59.02	1533.1447
-64.458	1533.1842
-63.297	1533.2237
-61.96	1533.2632
-57.416	1533.3026
-50.473	1533.3421
-47.982	1533.3816
-42.788	1533.4211
-37.367	1533.4605
-36.326	1533.5
-36.232	1533.5395
-36.54	1533.5789
-37.931	1533.6184
-41.59	1533.6579
-47.216	1533.6974
-51.43	1533.7368
-53.957	1533.7763
-57.985	1533.8158
-59.05	1533.8553
-62.196	1533.8947
-75.37	1533.9342
-210	1533.9737
-210	1534.0132
-59.892	1534.0526
-58.148	1534.0921
-52.344	1534.1316
-48.699	1534.1711
-43.434	1534.2105
-37.483	1534.25
-36.584	1534.2895
-36.482	1534.3289
-36.686	1534.3684
-37.671	1534.4079
-41.218	1534.4474
-47.454	1534.4868
-52.822	1534.5263
-54.666	1534.5658
-56.366	1534.6053
-58.343	1534.6447
-56.943	1534.6842
-64.666	1534.7237
-210	1534.7632
-65.759	1534.8026
-210	1534.8421
-61.122	1534.8816
-51.923	1534.9211
-48.497	1534.9605
-44.551	1535
-38.094	1535.0395
-36.379	1535.0789
-36.185	1535.1184
-36.469	1535.1579
-37.77	1535.1974
-40.793	1535.2368
-46.477	1535.2763
-50.893	1535.3158
-53.933	1535.3553
-55.541	1535.3947
-57.24	1535.4342
-65.756	1535.4737
-62.378	1535.5132
-61.841	1535.5526
-63.969	1535.5921
-62.442	1535.6316
-59.995	1535.6711
-53.492	1535.7105
-49.238	1535.75
-45.606	1535.7895
-38.21	1535.8289
-36.405	1535.8684
-36.205	1535.9079
-36.351	1535.9474
-37.29	1535.9868
-40.202	1536.0263
-46.048	1536.0658
-51.477	1536.1053
-53.975	1536.1447
-55.268	1536.1842
-57.998	1536.2237
-63.211	1536.2632
-62.635	1536.3026
-58.436	1536.3421
-66.503	1536.3816
-63.134	1536.4211
-58.539	1536.4605
-55.036	1536.5
-49.03	1536.5395
-45.407	1536.5789
-38.671	1536.6184
-36.561	1536.6579
-36.3	1536.6974
-36.333	1536.7368
-37.085	1536.7763
-39.645	1536.8158
-44.541	1536.8553
-49.848	1536.8947
-53.713	1536.9342
-56.063	1536.9737
-57.995	1537.0132
-60.836	1537.0526
-58.408	1537.0921
-210	1537.1316
-210	1537.1711
-62.392	1537.2105
-60.214	1537.25
-55.612	1537.2895
-49.381	1537.3289
-47.256	1537.3684
-40.31	1537.4079
-36.362	1537.4474
-35.926	1537.4868
-35.962	1537.5263
-36.411	1537.5658
-38.058	1537.6053
-41.856	1537.6447
-47.939	1537.6842
-52.881	1537.7237
-53.576	1537.7632
-56.062	1537.8026
-61.111	1537.8421
-59.186	1537.8816
-210	1537.9211
-61.483	1537.9605
-65.22799999999999	1538
-64.875	1538.0395
-57.041	1538.0789
-51.436	1538.1184
-47.989	1538.1579
-41.676	1538.1974
-37.013	1538.2368
-36.425	1538.2763
-36.375	1538.3158
-36.741	1538.3553
-38.59	1538.3947
-42.851	1538.4342
-48.142	1538.4737
-51.844	1538.5132
-55.166	1538.5526
-55.611	1538.5921
-61.406	1538.6316
-59.47	1538.6711
-57.512	1538.7105
-59.808	1538.75
-210	1538.7895
-62.083	1538.8289
-58.407	1538.8684
-51.515	1538.9079
-48.074	1538.9474
-44.686	1538.9868
-37.815	1539.0263
-35.849	1539.0658
-35.672	1539.1053
-35.872	1539.1447
-37.017	1539.1842
-40.036	1539.2237
-45.563	1539.2632
-50.426	1539.3026
-53.066	1539.3421
-56.405	1539.3816
-57.775	1539.4211
-59.741	1539.4605
-61.461	1539.5
-210	1539.5395
-68.84	1539.5789
-68.569	1539.6184
-58.84	1539.6579
-54.735	1539.6974
-48.889	1539.7368
-44.912	1539.7763
-38.098	1539.8158
-36.488	1539.8553
-36.249	1539.8947
-36.297	1539.9342
-37.06	1539.9737
-39.861	1540.0132
-45.446	1540.0526
-50.757	1540.0921
-54.111	1540.1316
-56.381	1540.1711
-57.693	1540.2105
-59.785	1540.25
-59.355	1540.2895
-65.761	1540.3289
-58.05	1540.3684
-210	1540.4079
-58.793	1540.4474
-54.669	1540.4868
-48.75	1540.5263
-46.752	1540.5658
-39.549	1540.6053
-35.888	1540.6447
-35.51	1540.6842
-35.587	1540.7237
-36.275	1540.7632
-38.202	1540.8026
-42.129	1540.8421
-47.54	1540.8816
-52.155	1540.9211
-56.556	1540.9605
-56.938	1541
-61.864	1541.0395
-57.639	1541.0789
-61.531	1541.1184
-65.012	1541.1579
-61.23	1541.1974
-59.873	1541.2368
-56.253	1541.2763
-52.388	1541.3158
-48.1	1541.3553
-41.085	1541.3947
-36.585	1541.4342
-36.053	1541.4737
-36.032	1541.5132
-36.551	1541.5526
-38.379	1541.5921
-42.613	1541.6316
-48.83	1541.6711
-51.735	1541.7105
-55.722	1541.75
-56.997	1541.7895
-59.171	1541.8289
-61.92	1541.8684
-64.179	1541.9079
-65.34099999999999	1541.9474
-210	1541.9868
-67.05500000000001	1542.0263
-55.977	1542.0658
-50.213	1542.1053
-47.449	1542.1447
-44.768	1542.1842
-37.465	1542.2237
-35.46	1542.2632
-35.299	1542.3026
-35.576	1542.3421
-37.163	1542.3816
-40.654	1542.4211
-45.455	1542.4605
-50.603	1542.5
-54.37	1542.5395
-55.027	1542.5789
-58.27	1542.6184
-59.657	1542.6579
-58.748	1542.6974
-59.444	1542.7368
-61.295	1542.7763
-59.081	1542.8158
-59.226	1542.8553
-53.795	1542.8947
-48.237	1542.9342
-44.768	1542.9737
-37.622	1543.0132
-35.582	1543.0526
-35.307	1543.0921
-35.332	1543.1316
-35.966	1543.1711
-38.481	1543.2105
-44.285	1543.25
-50.09	1543.2895
-53.464	1543.3289
-56.035	1543.3684
-57.948	1543.4079
-58.088	1543.4474
-57.622	1543.4868
-210	1543.5263
-59.752	1543.5658
-63.659	1543.6053
-57.165	1543.6447
-55.656	1543.6842
-48.36	1543.7237
-46.155	1543.7632
-38.858	1543.8026
-35.195	1543.8421
-34.78	1543.8816
-34.743	1543.9211
-35.318	1543.9605
-37.071	1544
-40.778	1544.0395
-46.432	1544.0789
-50.986	1544.1184
-53.211	1544.1579
-56.312	1544.1974
-62.617	1544.2368
-57.778	1544.2763
-58.669	1544.3158
-60.629	1544.3553
-62.088	1544.3947
-63.11	1544.4342
-55.871	1544.4737
-50.43	1544.5132
-46.553	1544.5526
-41.113	1544.5921
-35.137	1544.6316
-34.188	1544.6711
-34.102	1544.7105
-34.448	1544.75
-36.027	1544.7895
-40.123	1544.8289
-45.709	1544.8684
-49.606	1544.9079
-51.929	1544.9474
-54.898	1544.9868
-56.982	1545.0263
-57.446	1545.0658
-64.402	1545.1053
-63.84	1545.1447
-62.757	1545.1842
-63.04	1545.2237
-58.217	1545.2632
-50.894	1545.3026
-46.386	1545.3421
-44.369	1545.3816
-36.634	1545.4211
-33.861	1545.4605
-33.62	1545.5
-33.814	1545.5395
-35.127	1545.5789
-38.201	1545.6184
-42.882	1545.6579
-47.925	1545.6974
-51.962	1545.7368
-54.119	1545.7763
-55.963	1545.8158
-55.4	1545.8553
-59.976	1545.8947
-58.519	1545.9342
-210	1545.9737
-60.433	1546.0132
-56.529	1546.0526
-54.153	1546.0921
-47.206	1546.1316
-44.542	1546.1711
-37.886	1546.2105
-33.567	1546.25
-32.99	1546.2895
-32.948	1546.3289
-33.366	1546.3684
-35.353	1546.4079
-40.132	1546.4474
-45.896	1546.4868
-50.144	1546.5263
-52.582	1546.5658
-53.847	1546.6053
-55.545	1546.6447
-59.043	1546.6842
-56.888	1546.7237
-65.417	1546.7632
-210	1546.8026
-61.679	1546.8421
-56.098	1546.8816
-49.27	1546.9211
-46.137	1546.9605
-41.544	1547
-35.403	1547.0395
-34.024	1547.0789
-33.864	1547.1184
-34.055	1547.1579
-35.273	1547.1974
-38.527	1547.2368
-44.087	1547.2763
-48.843	1547.3158
-52.828	1547.3553
-54.321	1547.3947
-58.275	1547.4342
-57.948	1547.4737
-59.983	1547.5132
-63.763	1547.5526
-59.638	1547.5921
-210	1547.6316
-59.165	1547.6711
-53.636	1547.7105
-47.75	1547.75
-44.983	1547.7895
-37.124	1547.8289
-34.656	1547.8684
-34.401	1547.9079
-34.45	1547.9474
-35.049	1547.9868
-37.294	1548.0263
-42.218	1548.0658
-47.682	1548.1053
-51.538	1548.1447
-53.333	1548.1842
-54.857	1548.2237
-57.132	1548.2632
-58.479	1548.3026
-58.806	1548.3421
-66.41200000000001	1548.3816
-210	1548.4211
-69.84699999999999	1548.4605
-57.586	1548.5
-51.082	1548.5395
-48.774	1548.5789
-44.172	1548.6184
-38.217	1548.6579
-36.995	1548.6974
-36.876	1548.7368
-37.177	1548.7763
-38.6	1548.8158
-42.357	1548.8553
-48.301	1548.8947
-52.459	1548.9342
-55.354	1548.9737
-57.25	1549.0132
-58.048	1549.0526
-62.777	1549.0921
-210	1549.1316
-210	1549.1711
-62.261	1549.2105
-60.397	1549.25
-60.49	1549.2895
-55.481	1549.3289
-51.4	1549.3684
-47.473	1549.4079
-40.315	1549.4474
-38.655	1549.4868
-38.46	1549.5263
-38.601	1549.5658
-39.318	1549.6053
-42.082	1549.6447
-47.644	1549.6842
-52.747	1549.7237
-56.042	1549.7632
-58.099	1549.8026
-57.786	1549.8421
-59.362	1549.8816
-210	1549.9211
-210	1549.9605
-72.718	1550
-210	1550.0395
-61.861	1550.0789
-58.466	1550.1184
-55.669	1550.1579
-53.067	1550.1974
-46.847	1550.2368
-42.077	1550.2763
-41.345	1550.3158
-41.303	1550.3553
-41.734	1550.3947
-43.518	1550.4342
-47.037	1550.4737
-52.638	1550.5132
-56.473	1550.5526
-63.532	1550.5921
-64.142	1550.6316
-210	1550.6711
-57.051	1550.7105
-210	1550.75
-69.527	1550.7895
-64.851	1550.8289
-67.173	1550.8684
-61.2	1550.9079
-59.725	1550.9474
-54.83	1550.9868
-52.001	1551.0263
-44.684	1551.0658
-43.106	1551.1053
-42.949	1551.1447
-43.025	1551.1842
-43.886	1551.2237
-46.47	1551.2632
-51.626	1551.3026
-56.861	1551.3421
-57.44	1551.3816
-61.868	1551.4211
-59.401	1551.4605
-62.791	1551.5
-210	1551.5395
-210	1551.5789
-67.711	1551.6184
-210	1551.6579
-210	1551.6974
-210	1551.7368
-56.726	1551.7763
-55.284	1551.8158
-52.785	1551.8553
-46.815	1551.8947
-45.589	1551.9342
-45.483	1551.9737
-45.648	1552.0132
-47.456	1552.0526
-50.782	1552.0921
-55.625	1552.1316
-63.377	1552.1711
-62.591	1552.2105
-65.84099999999999	1552.25
-210	1552.2895
-71.553	1552.3289
-210	1552.3684
-58.501	1552.4079
-67.306	1552.4474
-210	1552.4868
-210	1552.5263
-69.869	1552.5658
-61.872	1552.6053
-57.525	1552.6447
-51.698	1552.6842
-47.683	1552.7237
-47.53	1552.7632
-47.348	1552.8026
-48.017	1552.8421
-50.334	1552.8816
-55.371	1552.9211
-56.829	1552.9605
-57.115	1553
-210	1553.0395
-69.22	1553.0789
-210	1553.1184
-72.09999999999999	1553.1579
-210	1553.1974
-210	1553.2368
-65.444	1553.2763
-63.376	1553.3158
-210	1553.3553
-63.618	1553.3947
-65.29900000000001	1553.4342
-55.692	1553.4737
-51.907	1553.5132
-49.498	1553.5526
-49.305	1553.5921
-49.6	1553.6316
-51.003	1553.6711
-54.003	1553.7105
-56.94	1553.75
-64.384	1553.7895
-210	1553.8289
-61.599	1553.8684
-64.727	1553.9079
-210	1553.9474
-62.588	1553.9868
-65.702	1554.0263
-60.645	1554.0658
-58.106	1554.1053
-210	1554.1447
-210	1554.1842
-69.21599999999999	1554.2237
-59.862	1554.2632
-54.024	1554.3026
-51.51	1554.3421
-51.911	1554.3816
-51.359	1554.4211
-53.425	1554.4605
-54.82	1554.5
-61.649	1554.5395
-63.295	1554.5789
-210	1554.6184
-210	1554.6579
-66.271	1554.6974
-62.093	1554.7368
-210	1554.7763
-62.271	1554.8158
-210	1554.8553
-61.747	1554.8947
-76.937	1554.9342
-210	1554.9737
-210	1555.0132
-59.081	1555.0526
-57.261	1555.0921
-53.181	1555.1316
-52.619	1555.1711
-52.859	1555.2105
-52.413	1555.25
-53.443	1555.2895
-56.24	1555.3289
-59.826	1555.3684
-68.92400000000001	1555.4079
-61.977	1555.4474
-62.697	1555.4868
-76.937	1555.5263
-66.42700000000001	1555.5658
-64.851	1555.6053
-210	1555.6447
-210	1555.6842
-64.432	1555.7237
-67.333	1555.7632
-210	1555.8026
-62.026	1555.8421
-210	1555.8816
-58.224	1555.9211
-55.832	1555.9605
-54.842	1556
-54.998	1556.0395
-55.033	1556.0789
-56.303	1556.1184
-67.852	1556.1579
-67.114	1556.1974
-79.23	1556.2368
-210	1556.2763
-70.229	1556.3158
-63.376	1556.3553
-62.989	1556.3947
-64.146	1556.4342
-210	1556.4737
-62.861	1556.5132
-65.57299999999999	1556.5526
-210	1556.5921
-64.26600000000001	1556.6316
-67.504	1556.6711
-210	1556.7105
-59.044	1556.75
-55.926	1556.7895
-55.475	1556.8289
-56.482	1556.8684
-57.587	1556.9079
-59.444	1556.9474
-210	1556.9868
-210	1557.0263
-67.681	1557.0658
-62.436	1557.1053
-210	1557.1447
-210	1557.1842
-65.327	1557.2237
-67.123	1557.2632
-65.988	1557.3026
-210	1557.3421
-63.308	1557.3816
-210	1557.4211
-210	1557.4605
-210	1557.5
-210	1557.5395
-61.311	1557.5789
-55.865	1557.6184
-58.747	1557.6579
-61.545	1557.6974
-210	1557.7368
-61.512	1557.7763
-63.016	1557.8158
-74.35599999999999	1557.8553
-210	1557.8947
-74.357	1557.9342
-65.857	1557.9737
-67.946	1558.0132
-61.127	1558.0526
-210	1558.0921
-66.45	1558.1316
-62.676	1558.1711
-69.55200000000001	1558.2105
-62.611	1558.25
-65.86199999999999	1558.2895
-210	1558.3289
-59.618	1558.3684
-59.889	1558.4079
-58.895	1558.4474
-58.653	1558.4868
-58.499	1558.5263
-65.866	1558.5658
-65.128	1558.6053
-210	1558.6447
-210	1558.6842
-69.559	1558.7237
-210	1558.7632
-60.697	1558.8026
-210	1558.8421
-63.487	1558.8816
-210	1558.9211
-64.887	1558.9605
-210	1559
-210	1559.0395
-63.952	1559.0789
-59.961	1559.1184
-210	1559.1579
-210	1559.1974
-210	1559.2368
-63.185	1559.2763
-62.738	1559.3158
-210	1559.3553
-72.137	1559.3947
-210	1559.4342
-210	1559.4737
-62.502	1559.5132
-63.276	1559.5526
-60.535	1559.5921
-61.059	1559.6316
-210	1559.6711
-64.59699999999999	1559.7105
-65.61499999999999	1559.75
-61.2	1559.7895
-210	1559.8289
-62.746	1559.8684
-64.68600000000001	1559.9079
-210	1559.9474
-59.871	1559.9868
-210	1560.0263
-67.351	1560.0658
-62.638	1560.1053
-73.376	1560.1447
-61.823	1560.1842
-61.397	1560.2237
-210	1560.2632
-210	1560.3026
-210	1560.3421
-62.912	1560.3816
-65.892	1560.4211
-66.51000000000001	1560.4605
-65.105	1560.5
-64.59099999999999	1560.5395
-210	1560.5789
-210	1560.6184
-210	1560.6579
-210	1560.6974
-70.68300000000001	1560.7368
-61.211	1560.7763
-210	1560.8158
-69.696	1560.8553
-62.037	1560.8947
-210	1560.9342
-210	1560.9737
-64.02	1561.0132
-64.02	1561.0526
-210	1561.0921
-68.456	1561.1316
-66.489	1561.1711
-210	1561.2105
-210	1561.25
-64.298	1561.2895
-210	1561.3289
-65.14	1561.3684
-62.715	1561.4079
-61.122	1561.4474
-72.785	1561.4868
-66.017	1561.5263
-210	1561.5658
-210	1561.6053
-65.142	1561.6447
-66.492	1561.6842
-60.771	1561.7237
-64.366	1561.7632
-60.444	1561.8026
-210	1561.8421
-62.784	1561.8816
-210	1561.9211
-63.062	1561.9605
-73.389	1562
-64.20699999999999	1562.0395
-59.401	1562.0789
-64.598	1562.1184
-210	1562.1579
-210	1562.1974
-210	1562.2368
-210	1562.2763
-64.497	1562.3158
-64.917	1562.3553
-210	1562.3947
-65.464	1562.4342
-62.524	1562.4737
-59.527	1562.5132
-56.621	1562.5526
-56.1	1562.5921
-57.945	1562.6316
-63.235	1562.6711
-210	1562.7105
-64.81	1562.75
-64.116	1562.7895
-60.989	1562.8289
-64.791	1562.8684
-62.461	1562.9079
-69.928	1562.9474
-210	1562.9868
-68.21899999999999	1563.0263
-210	1563.0658
-210	1563.1053
-210	1563.1447
-63.21	1563.1842
-64.498	1563.2237
-59.915	1563.2632
-54.236	1563.3026
-53.67	1563.3421
-53.437	1563.3816
-53.58	1563.4211
-54.526	1563.4605
-57.423	1563.5
-62.762	1563.5395
-210	1563.5789
-61.662	1563.6184
-210	1563.6579
-73.52	1563.6974
-210	1563.7368
-210	1563.7763
-58.63	1563.8158
-71.786	1563.8553
-210	1563.8947
-67.364	1563.9342
-70.687	1563.9737
-72.158	1564.0132
-61.81	1564.0526
-55.843	1564.0921
-50.438	1564.1316
-49.855	1564.1711
-49.504	1564.2105
-49.951	1564.25
-50.609	1564.2895
-54.055	1564.3289
-59.523	1564.3684
-61.309	1564.4079
-60.811	1564.4474
-58.998	1564.4868
-63.902	1564.5263
-210	1564.5658
-210	1564.6053
-65.024	1564.6447
-61.181	1564.6842
-63.93	1564.7237
-61.605	1564.7632
-67.55800000000001	1564.8026
-210	1564.8421
-57.652	1564.8816
-54.229	1564.9211
-49.122	1564.9605
-48.258	1565
-48.23	1565.0395
-48.46	1565.0789
-50.256	1565.1184
-54.822	1565.1579
-57.845	1565.1974
-62.391	1565.2368
-62.844	1565.2763
-210	1565.3158
-210	1565.3553
-67.72799999999999	1565.3947
-210	1565.4342
-66.64400000000001	1565.4737
-73.38	1565.5132
-59.713	1565.5526
-69.583	1565.5921
-210	1565.6316
-61.584	1565.6711
-55.598	1565.7105
-48.651	1565.75
-45.56	1565.7895
-45.188	1565.8289
-45.226	1565.8684
-45.658	1565.9079
-47.766	1565.9474
-51.999	1565.9868
-56.177	1566.0263
-59.993	1566.0658
-210	1566.1053
-65.89100000000001	1566.1447
-63.507	1566.1842
-60.949	1566.2237
-210	1566.2632
-68.979	1566.3026
-63.35	1566.3421
-210	1566.3816
-73.379	1566.4211
-61.16	1566.4605
-60.554	1566.5
-55.886	1566.5395
-48.814	1566.5789
-45.757	1566.6184
-45.513	1566.6579
-45.451	1566.6974
-46.031	1566.7368
-48.307	1566.7763
-54.527	1566.8158
-57.002	1566.8553
-63.053	1566.8947
-61.94	1566.9342
-60.699	1566.9737
-210	1567.0132
-64.693	1567.0526
-61.759	1567.0921
-60.806	1567.1316
-210	1567.1711
-58.833	1567.2105
-65.75700000000001	1567.25
-61.353	1567.2895
-60.208	1567.3289
-56.966	1567.3684
-50.698	1567.4079
-47.026	1567.4474
-46.815	1567.4868
-46.799	1567.5263
-47.84	1567.5658
-49.541	1567.6053
-54.613	1567.6447
-58.406	1567.6842
-66.81699999999999	1567.7237
-62.213	1567.7632
-210	1567.8026
-210	1567.8421
-210	1567.8816
-210	1567.9211
-63.05	1567.9605
-60.309	1568
-210	1568.0395
-66.139	1568.0789
-65.14400000000001	1568.1184
-74.405	1568.1579
-61.717	1568.1974
-52.636	1568.2368
-49.843	1568.2763
-49.697	1568.3158
-50.224	1568.3553
-51.043	1568.3947
-52.678	1568.4342
-57.382	1568.4737
-67.003	1568.5132
-210	1568.5526
-210	1568.5921
-84.45099999999999	1568.6316
-210	1568.6711
-210	1568.7105
-210	1568.75
-210	1568.7895
-210	1568.8289
-210	1568.8684
-210	1568.9079
-210	1568.9474
-62.893	1568.9868
-71.631	1569.0263
-55.126	1569.0658
-52.536	1569.1053
-51.657	1569.1447
-52.105	1569.1842
-52.501	1569.2237
-54.863	1569.2632
-64.94	1569.3026
-210	1569.3421
-62.901	1569.3816
-61.351	1569.4211
-69.729	1569.4605
-210	1569.5
-59.16	1569.5395
-210	1569.5789
-210	1569.6184
-63.392	1569.6579
-66.051	1569.6974
-210	1569.7368
-66.221	1569.7763
-210	1569.8158
-60.851	1569.8553
-57.85	1569.8947
-54.641	1569.9342
-55.844	1569.9737
-54.127	1570.0132
-55.312	1570.0526
-57.941	1570.0921
-62.133	1570.1316
-64.44199999999999	1570.1711
-64.542	1570.2105
-63.643	1570.25
-61.264	1570.2895
-72.30500000000001	1570.3289
-210	1570.3684
-79.34099999999999	1570.4079
-210	1570.4474
-66.70399999999999	1570.4868
-210	1570.5263
-210	1570.5658
-63.226	1570.6053
-210	1570.6447
-59.375	1570.6842
-56.454	1570.7237
-55.6	1570.7632
-56.07	1570.8026
-55.714	1570.8421
-56.305	1570.8816
-60.427	1570.9211
-59.976	1570.9605
-71.675	1571
-210	1571.0395
-210	1571.0789
-210	1571.1184
-210	1571.1579
-71.679	1571.1974
-69.011	1571.2368
-210	1571.2763
-61.24	1571.3158
-60.249	1571.3553
-210	1571.3947
-210	1571.4342
-210	1571.4737
-59.898	1571.5132
-65.977	1571.5526
-57.559	1571.5921
-57.018	1571.6316
-57.162	1571.6711
-56.65	1571.7105
-59.796	1571.75
-210	1571.7895
-210	1571.8289
-59.015	1571.8684
-59.941	1571.9079
-64.10899999999999	1571.9474
-210	1571.9868
-68.383	1572.0263
-61.801	1572.0658
-210	1572.1053
-210	1572.1447
-210	1572.1842
-210	1572.2237
-62.078	1572.2632
-210	1572.3026
-210	1572.3421
-63.157	1572.3816
-57.93	1572.4211
-56.781	1572.4605
-62.027	1572.5
-57.386	1572.5395
-58.099	1572.5789
-66.14100000000001	1572.6184
-210	1572.6579
-210	1572.6974
-66.288	1572.7368
-210	1572.7763
-210	1572.8158
-66.005	1572.8553
-62.321	1572.8947
-71.467	1572.9342
-210	1572.9737
-210	1573.0132
-60.878	1573.0526
-63.392	1573.0921
-65.48999999999999	1573.1316
-210	1573.1711
-68.328	1573.2105
-57.249	1573.25
-57.839	1573.2895
-58.167	1573.3289
-56.933	1573.3684
-62.511	1573.4079
-60.719	1573.4474
-210	1573.4868
-67.678	1573.5263
-210	1573.5658
-210	1573.6053
-77.426	1573.6447
-210	1573.6842
-60.806	1573.7237
-70.105	1573.7632
-210	1573.8026
-210	1573.8421
-59.893	1573.8816
-210	1573.9211
-62.339	1573.9605
-210	1574
-61.734	1574.0395
-59.62	1574.0789
-57.8	1574.1184
-61.296	1574.1579
-59.032	1574.1974
-56.981	1574.2368
-59.377	1574.2763
-68.589	1574.3158
-62.516	1574.3553
-63.265	1574.3947
-62.654	1574.4342
-210	1574.4737
-210	1574.5132
-65.27500000000001	1574.5526
-210	1574.5921
-210	1574.6316
-210	1574.6711
-210	1574.7105
-59.415	1574.75
-210	1574.7895
-62.04	1574.8289
-210	1574.8684
-58.45	1574.9079
-58.06	1574.9474
-59.044	1574.9868
-58.882	1575.0263
-58.389	1575.0658
-57.997	1575.1053
-73.66200000000001	1575.1447
-69.131	1575.1842
-60.789	1575.2237
-59.943	1575.2632
-61.653	1575.3026
-70.765	1575.3421
-210	1575.3816
-62.284	1575.4211
-60.314	1575.4605
-210	1575.5
-210	1575.5395
-210	1575.5789
-59.612	1575.6184
-62.609	1575.6579
-210	1575.6974
-68.867	1575.7368
-59.974	1575.7763
-56.965	1575.8158
-57.268	1575.8553
-60.493	1575.8947
-64.961	1575.9342
-67.71599999999999	1575.9737
-64.651	1576.0132
-210	1576.0526
-60.187	1576.0921
-210	1576.1316
-210	1576.1711
-64.991	1576.2105
-64.063	1576.25
-62.433	1576.2895
-66.494	1576.3289
-210	1576.3684
-62.572	1576.4079
-65.22499999999999	1576.4474
-210	1576.4868
-69.10299999999999	1576.5263
-60.47	1576.5658
-63.925	1576.6053
-60.686	1576.6447
-57.566	1576.6842
-56.99	1576.7237
-61.03	1576.7632
-64.37	1576.8026
-210	1576.8421
-210	1576.8816
-70.85299999999999	1576.9211
-210	1576.9605
-210	1577
-63.844	1577.0395
-210	1577.0789
-210	1577.1184
-210	1577.1579
-210	1577.1974
-63.087	1577.2368
-64.869	1577.2763
-72.95399999999999	1577.3158
-210	1577.3553
-64.282	1577.3947
-64.375	1577.4342
-59.748	1577.4737
-60.929	1577.5132
-60.446	1577.5526
-66.211	1577.5921
-210	1577.6316
-63.379	1577.6711
-210	1577.7105
-65.312	1577.75
-72.958	1577.7895
-210	1577.8289
-210	1577.8684
-210	1577.9079
-210	1577.9474
-210	1577.9868
-64.669	1578.0263
-70.46299999999999	1578.0658
-210	1578.1053
-210	1578.1447
-210	1578.1842
-63.611	1578.2237
-60.206	1578.2632
-59.393	1578.3026
-57.972	1578.3421
-60.066	1578.3816
-59.701	1578.4211
-60.066	1578.4605
-210	1578.5
-210	1578.5395
-64.307	1578.5789
-210	1578.6184
-210	1578.6579
-67.172	1578.6974
-210	1578.7368
-68.16500000000001	1578.7763
-210	1578.8158
-64.29000000000001	1578.8553
-210	1578.8947
-64.574	1578.9342
-64.024	1578.9737
-61.44	1579.0132
-70.86499999999999	1579.0526
-210	1579.0921
-60.171	1579.1316
-59.394	1579.1711
-57.046	1579.2105
-61.768	1579.25
-65.94	1579.2895
-61.439	1579.3289
-59.424	1579.3684
-67.539	1579.4079
-210	1579.4474
-62.288	1579.4868
-71.3	1579.5263
-68.676	1579.5658
-210	1579.6053
-210	1579.6447
-61.485	1579.6842
-63.094	1579.7237
-210	1579.7632
-84.614	1579.8026
-210	1579.8421
-60.35	1579.8816
-64.379	1579.9211
-210	1579.9605
-210	1580
